0.999934215739305188
0.999786376642599839
0.999581417021533691
0.999259624786086209
0.998824782870086247
0.998324904023875970
0.997734122236088261
0.997026770099343485
0.996231141644988605
0.995348237729818286
0.994363391193455626
0.993285270985142965
0.992105852417022871
0.990823518264470793
0.989461741441155618
0.987999563812230530
0.986413767058269997
0.984748700721664316
0.983007938408379522
0.981134829781236784
0.979155311810806617
0.977118017756967827
0.974971073799182131
0.972691078759725603
0.970339664066198981
0.967909202992296658
0.965349113354350807
0.962690014990527310
0.959958043926676052
0.957118808076115601
