0.999951739218138735
0.999817473255967371
0.999603755869293953
0.999299042519139480
0.998902749544178459
0.998425974279786077
0.997866655976597294
0.997217983639264394
0.996483978729899689
0.995669268935419516
0.994772468462272519
0.993791309660786770
0.992725847975684750
0.991580862458135925
0.990358574616224563
0.989052629953342644
0.987663080723734432
0.986200281319963179
0.984661745802190014
0.983037876018087786
0.981336944462525618
0.979567534492838954
0.977719322598873952
0.975789490185459796
0.973790485200803024
0.971721757583630330
0.969574355593915804
0.967353216622709677
0.965065193320377102
0.962706417650010415
